1 1
2 6
3 22
4 43
5 56
6 54
7 77
8 52
9 51
10 37
11 24
12 6
13 2
14 1
47 1
48 2
49 12
50 47
51 145
52 544
53 1575
54 4921
55 13320
56 33883
57 80918
58 178098
59 366529
60 690754
61 1195866
62 1885290
63 2700384
64 3484298
65 4037346
66 4188890
67 3868699
68 3172284
69 2298598
70 1471423
71 830677
72 415707
73 183850
74 72571
75 25303
76 8055
77 3473
78 3248
79 4074
80 4154
81 2701
82 1533
83 2299
84 4963
85 8569
86 11532
87 13582
88 15258
89 16655
90 18030
91 17217
92 15649
93 16506
94 19164
95 19520
96 16107
97 13206
98 10061
99 6134
100 2211
101 411
102 70
103 3
